21356976773419138 8734493914689315 29271039771464745 3385072396556184 -65591474386946067 -13423826311994328 -33115965238272396 -78457183390323378 86943442943326326 21287661312010167 34591431999911253 25093490570977680 -3991908556933128 -40955004287182800
-47919337122294165 53118026098761430 59731453490103081 -36953625304738278 -49542044630536977 -30523789908828888 -15114080675080920 -29039875180956246 -61346397665559444 -47319552846991821 -22632162221746401 40236704044189470 32910432896815350 30679506561653388
55012813960155465 19643036796842661 60505511575907710 20108283782316798 6099790437558417 -62021718174905442 50863876266901890 56265952268710596 49581929430814584 -8370498767179389 13482701434033971 20759102807479830 -10962442416681630 65508656681653662
-8348635226014986 -45975748412542788 49284120897649248 114528691084051675 18726909474320370 7241101181699370 20271007205243958 -49761872975406624 -41048676400380150 -36358256938421634 16482415727823048 6688707556213350 -15346806667711686 -9421966437556896
-91554939365138037 -21439101266621607 16957301142042447 3809075042991060 39887857756908874 -39230179772229738 38659286534194386 16618662143015136 55482375275296086 15335860137977121 -48419441383899705 31608268887855810 33882805506736038 -53078290816301994
9364161740662752 3203343062744352 -23052401355285702 -4915097414234070 -64691959677791238 66435342816249559 96723944180044644 58762614611124 27312426753670134 -64449290645983806 -30647700012218310 -4036525813087800 7133271485173812 -12378964303095636
-48342992944386336 -15459879761161800 6861763584767850 -38106693425182962 13076166558555486 16226452742415324 47313903549121489 -62371853000098386 6372012174686142 48622972270570884 -2316590157859104 -3329996531317980 -81101102223728496 70923143631826830
-51660600884445348 46405936739742564 -22685570987196234 -12183991841558964 40711479323796426 -7047585122445036 8902509591982794 -1844632270828403 25790069738141442 -68928931596928824 106294890700245402 -23747509331659050 -8913114329663118 -5800515591836262
34930462837273446 -70577562841027104 46351669973066124 -66837657804260370 61110898145618406 39206893561379154 -20354234928015138 -27369078300932418 24935083758120943 -50065434057708258 -806613339830310 12093376657356570 42424022346817476 18437988063881142
-28471390160161563 -24984173385772791 -44450976736525719 35959756955767116 -24895919489649099 14964049825224234 1981526770421784 -8185538925630414 14763210630930402 34343497495572922 36738780618621327 15790313837375700 97894980354147282 80428339230316008
-18558237485694687 -56592621441640461 52845523654153251 -36224503010771562 -48885506605982415 16118565052079790 28769226298389336 55289776196516112 -39112543853560890 41260835296118577 76310100689348602 4469152337262750 -532645913027172 -37485529954421292
23602938968746080 20287287964575090 -37379366644391190 -2219993582896350 30605193635298450 26205085889660940 14421579658782000 1124977403794470 -20420574254165550 8988516838535520 22308147066673950 137436721317081541 -18398421809595390 -15520165125818040
49045569269996592 19607181832329510 -12769856058043170 -26274497551532046 29574196552363758 -52185927696248988 75539460448260804 -62795701811172678 -42313716431585004 33128265911147802 15639507872007528 -26995982709500250 52741743097571083 -33664269267328110
-2246057289556740 82481120306746668 65533658335071522 19021765593354984 36913580868637866 89215927538600424 3996589506022950 6225160466262558 9709642023161742 50117739173520528 -1153059453589392 -17865331549697340 29205011780311290 -6792787479548753
