0 1455 1909
1 1206 1911
2 1057 1927
3 875 1929
4 1028 1920
5 740 1930
6 1510 1863
7 1513 1853
8 1470 1894
9 1480 1883
10 1548 1815
11 918 1926
12 486 1931
13 1620 1743
14 1681 1682
15 961 1919
16 978 1914
17 952 1916
18 1514 1846
19 1517 1836
20 1438 1906
21 905 1915
22 893 1910
23 1188 1907
24 723 1928
25 496 1908
26 1345 1764
27 1112 1874
28 1284 1793
29 1426 1664
30 1433 1656
31 1367 1749
32 1034 1884
33 1025 1885
34 1280 1791
35 1202 1813
36 1439 1569
37 461 1923
38 1338 1758
39 1285 1781
40 1153 1835
41 1419 1645
42 1404 1688
43 1427 1636
44 1328 1761
45 1379 1709
46 1133 1848
47 1078 1875
48 1276 1782
49 1416 1641
50 1147 1831
51 1299 1769
52 1323 1759
53 1096 1850
54 1317 1708
55 1300 1736
56 1256 1765
57 1019 1860
58 1399 1621
59 1422 1597
60 1179 1803
61 1294 1737
62 1354 1675
63 815 1902
64 1154 1810
65 1308 1705
66 1146 1816
67 442 1912
68 806 1905
69 812 1899
70 838 1887
71 431 1913
72 1316 1689
73 1143 1811
74 1444 1521
75 1169 1798
76 1217 1784
77 913 1869
78 1381 1619
79 420 1918
80 1411 1587
81 1166 1794
82 1097 1821
83 1335 1673
84 768 1901
85 790 1890
86 1121 1806
87 1291 1699
88 1236 1768
89 885 1870
90 1348 1640
91 1090 1820
92 1127 1796
93 1273 1725
94 1266 1732
95 1440 1503
96 1331 1666
97 1223 1770
98 1442 1497
99 1388 1605
100 1385 1606
101 1448 1495
102 752 1897
103 1447 1492
104 1443 1490
105 1412 1574
106 390 1924
107 1219 1766
108 1104 1802
109 1326 1655
110 1031 1807
111 841 1840
112 1446 1483
113 1452 1472
114 1349 1585
115 845 1834
116 383 1921
117 1377 1570
118 1370 1575
119 727 1900
120 733 1895
121 1366 1576
122 1226 1716
123 1340 1586
124 750 1877
125 810 1845
126 1220 1704
127 811 1841
128 1250 1643
129 747 1876
130 906 1814
131 1279 1612
132 1272 1617
133 762 1856
134 745 1873
135 1351 1577
136 1240 1646
137 1271 1614
138 705 1872
139 1358 1566
140 662 1886
141 1360 1562
142 1365 1555
143 1409 1540
144 1183 1686
145 1201 1618
146 1420 1525
147 352 1917
148 1353 1563
149 1140 1724
150 1062 1753
151 1160 1703
152 1130 1690
153 1429 1496
154 706 1842
155 1327 1567
156 697 1847
157 701 1844
158 1067 1745
159 1080 1733
160 1105 1706
161 616 1896
162 1071 1738
163 335 1922
164 633 1878
165 1192 1608
166 1144 1676
167 1049 1750
168 1307 1560
169 587 1903
170 683 1861
171 1162 1653
172 584 1904
173 1392 1527
174 1306 1556
175 602 1882
176 1040 1751
177 1311 1546
178 1298 1559
179 1176 1631
180 871 1776
181 1111 1651
182 1094 1667
183 1115 1644
184 1129 1629
185 1131 1627
186 1085 1672
187 1405 1486
188 1287 1547
189 1088 1668
190 689 1824
191 681 1829
192 688 1822
193 1076 1674
194 1182 1610
195 852 1775
196 1015 1721
197 1376 1504
198 1255 1568
199 844 1779
200 1373 1505
201 1029 1702
202 1425 1479
203 1375 1500
204 1020 1710
205 1180 1600
206 1059 1679
207 1008 1720
208 636 1858
209 785 1785
210 778 1792
211 1027 1692
212 1106 1625
213 1251 1557
214 1173 1598
215 1114 1615
216 1064 1659
217 531 1898
218 1113 1613
219 702 1808
220 1342 1516
221 625 1855
222 1021 1685
223 900 1735
224 1159 1602
225 547 1888
226 623 1866
227 822 1773
228 771 1780
229 1253 1553
230 819 1772
231 897 1729
232 546 1881
233 1012 1684
234 821 1767
235 1350 1506
236 756 1789
237 251 1925
238 1356 1498
239 1081 1624
240 650 1825
241 1066 1634
242 902 1717
243 527 1889
244 698 1801
245 1406 1469
246 899 1713
247 1357 1487
248 1355 1489
249 640 1826
250 1186 1579
252 1184 1578
253 606 1843
254 580 1867
255 1283 1539
256 1393 1484
257 789 1762
258 1290 1530
259 680 1819
260 1225 1565
261 1227 1561
262 849 1739
263 570 1868
264 923 1671
265 1167 1581
266 1391 1476
267 1116 1589
268 865 1719
269 864 1718
270 1030 1633
271 782 1755
272 597 1832
273 596 1833
274 773 1760
275 575 1852
276 507 1892
277 910 1678
278 1398 1471
279 872 1698
280 1274 1538
281 1403 1463
282 1148 1583
283 593 1839
284 1149 1580
285 1156 1573
286 1224 1554
287 684 1800
288 767 1754
289 1229 1545
290 761 1756
291 760 1757
292 1390 1466
293 679 1799
294 502 1891
295 1278 1518
296 867 1691
297 567 1851
298 509 1880
299 1270 1522
300 1214 1549
301 508 1879
302 802 1747
303 1138 1572
304 1210 1550
305 805 1740
306 1261 1526
307 537 1871
308 1069 1595
309 1264 1519
310 843 1695
311 729 1788
312 809 1728
313 836 1701
314 536 1865
315 1244 1533
316 647 1809
317 535 1864
318 1046 1599
319 829 1700
320 551 1830
321 620 1817
322 530 1849
323 1346 1465
324 1343 1467
325 1324 1485
326 1334 1474
327 766 1715
328 612 1818
329 772 1707
330 1247 1501
331 765 1712
332 613 1812
333 542 1827
334 524 1859
336 1232 1524
337 517 1862
338 1301 1481
339 607 1797
340 1320 1460
341 804 1677
342 863 1616
343 814 1665
344 1297 1478
345 1312 1461
346 1212 1534
347 1313 1459
348 739 1741
349 1221 1507
350 1288 1468
351 891 1584
353 511 1838
354 795 1630
355 569 1805
356 522 1823
357 1230 1491
358 1275 1473
359 751 1669
360 1269 1477
361 503 1837
362 687 1723
363 1036 1543
364 720 1660
365 699 1680
366 599 1777
367 1163 1511
368 578 1783
369 717 1658
370 704 1670
371 624 1763
372 1194 1475
373 709 1661
374 485 1893
375 653 1742
376 594 1774
377 565 1787
378 1089 1532
379 586 1778
380 1155 1493
381 1145 1502
382 1157 1488
384 708 1638
385 677 1696
386 674 1697
387 696 1647
388 694 1648
389 583 1771
391 658 1652
392 520 1790
393 685 1623
394 855 1544
395 714 1592
396 710 1596
397 655 1650
398 854 1542
399 682 1622
400 660 1642
401 548 1752
402 1177 1462
403 512 1786
404 663 1635
405 648 1663
406 603 1693
407 1139 1482
408 1051 1494
409 920 1537
410 487 1857
411 651 1654
412 483 1854
413 1171 1458
414 605 1683
415 800 1564
416 585 1714
417 921 1528
418 693 1604
419 634 1649
421 792 1552
422 566 1727
423 563 1730
424 791 1551
425 719 1571
426 558 1731
427 555 1734
428 562 1726
429 540 1746
430 1119 1464
432 622 1662
433 560 1722
434 534 1748
435 628 1637
436 757 1558
437 621 1657
438 637 1626
439 484 1828
440 911 1509
441 629 1632
443 571 1687
444 561 1711
445 526 1744
446 784 1536
447 601 1611
448 846 1499
449 600 1609
450 630 1593
451 794 1520
452 627 1594
453 798 1515
454 776 1535
455 631 1588
456 779 1531
457 626 1590
458 828 1508
459 598 1603
460 769 1523
462 748 1541
463 516 1694
464 588 1607
465 541 1639
466 801 1512
467 592 1601
468 638 1582
469 754 1529
470 549 1628
471 611 1591
472 488 1795
473 479 1804
474 1190 1454
475 743 1457
476 1039 1453
477 1026 1449
478 1073 1435
480 1260 1387
481 1241 1402
482 975 1445
489 1228 1414
490 1248 1395
491 1257 1382
492 1295 1337
493 1191 1434
494 1038 1436
495 856 1456
497 741 1437
498 721 1441
499 1099 1374
500 1103 1368
501 1122 1362
504 1198 1259
505 1175 1333
506 1102 1364
510 1061 1394
513 1142 1344
514 1108 1363
515 1086 1371
518 1199 1245
519 1068 1384
521 1082 1369
523 1164 1325
525 1196 1238
528 1150 1293
529 1100 1315
532 1092 1319
533 1101 1310
538 1011 1380
539 1178 1268
543 1136 1292
544 1203 1218
545 915 1400
550 1141 1281
552 861 1408
553 666 1450
554 840 1428
556 1168 1262
557 1070 1318
559 848 1415
564 837 1421
568 823 1417
572 817 1418
573 643 1451
574 1132 1265
576 807 1424
577 1060 1302
579 1134 1258
581 1137 1254
582 781 1432
589 1117 1252
590 796 1407
591 793 1410
595 1123 1239
604 744 1431
608 895 1347
609 1091 1242
610 1172 1233
614 834 1401
615 1187 1211
617 1045 1286
618 1174 1222
619 835 1396
632 860 1359
635 1151 1213
639 1109 1237
641 783 1397
642 1107 1235
644 799 1378
645 886 1314
646 1124 1215
649 1120 1216
652 770 1386
654 888 1305
656 901 1289
657 882 1303
659 1079 1234
661 758 1389
664 1077 1231
665 759 1383
667 1018 1249
668 850 1332
669 735 1430
670 825 1339
671 764 1372
672 788 1361
673 797 1352
675 853 1322
676 730 1423
678 842 1330
686 732 1413
690 831 1329
691 803 1341
692 808 1336
695 870 1263
700 826 1282
703 787 1304
707 763 1309
711 833 1277
712 746 1321
713 862 1246
715 839 1267
716 869 1243
718 780 1296
722 1075 1189
724 874 1209
725 1013 1200
726 1087 1185
728 1083 1181
731 903 1207
734 1128 1135
736 881 1208
737 1110 1152
738 944 1195
742 890 1193
749 847 1204
753 1010 1165
755 1016 1161
774 816 1205
775 824 1197
777 1043 1098
786 907 1170
813 1024 1093
818 1032 1084
820 916 1125
827 919 1118
830 880 1158
832 904 1126
851 912 1095
857 1037 1058
858 1017 1063
859 908 1074
866 929 1072
868 1044 1056
873 917 1065
876 1022 1054
877 909 1055
878 998 1050
879 935 1053
883 966 1047
884 965 1048
887 979 1042
889 936 1052
892 922 1041
894 1009 1035
896 987 1033
898 1005 1023
914 970 1014
924 992 1000
925 981 1002
926 953 1006
927 968 1003
928 971 999
930 940 1007
931 980 997
932 988 996
933 954 1004
934 950 1001
937 976 989
938 959 994
939 983 986
941 949 995
942 964 991
943 962 990
945 947 993
946 974 982
948 958 985
951 960 984
955 963 977
956 967 973
957 969 972
